  0.89456845210841252     
  0.89528593569232040     
  0.89600460848887109     
  0.89672443539934321     
  0.89744541982720427     
  0.89816756477514481     
  0.89889087240032506     
  0.89961534637726404     
  0.90034098909653038     
  0.90106780295501510     
  0.90179579165875112     
  0.90252495762365870     
  0.90325530370774865     
  0.90398683190552998     
  0.90471954683766564     
  0.90545345051870663     
  0.90618854584392394     
  0.90692483571799376     
  0.90766232217517773     
  0.90840100989739025     
  0.90914090182206864     
  0.90988199824370453     
  0.91062430387719329     
  0.91136782345860623     
  0.91211255641419442     
  0.91285850927647938     
  0.91360568147959365     
  0.91435407780147071     
  0.91510370304156208     
  0.91585455664601123     
  0.91660664522573110     
  0.91735996823500343     
  0.91811453051598613     
  0.91887033693269915     
  0.91962738695183188     
  0.92038568726406933     
  0.92114523734450726     
  0.92190604210073435     
  0.92266810646255937     
  0.92343142991788940     
  0.92419601741416679     
  0.92496187574872468     
  0.92572900077065445     
  0.92649739929213415     
  0.92726707448699142     
  0.92803802953960846     
  0.92881027133035343     
  0.92958379570022009     
  0.93035860954478111     
  0.93113471609108411     
  0.93191211857694944     
  0.93269082396726755     
  0.93347082809527560     
  0.93425213794144280     
  0.93503475678715153     
  0.93581868792478828     
  0.93660393840528577     
  0.93739050405448632     
  0.93817839193928254     
  0.93896760539654323     
  0.93975814777437594     
  0.94055002621130834     
  0.94134323652616536     
  0.94213778587382935     
  0.94293367764783498     
  0.94373091525318964     
  0.94452950591761364     
  0.94532944545330411     
  0.94613074110473694     
  0.94693339632331819     
  0.94773741457217309     
  0.94854280316984163     
  0.94934955792230125     
  0.95015768616526475     
  0.95096719140924613     
  0.95177807717673490     
  0.95259035087875732     
  0.95340400831550109     
  0.95421905691559061     
  0.95503550024992356     
  0.95585334580474290     
  0.95667258546611489     
  0.95749323846765710     
  0.95831530062332959     
  0.95913876770577611     
  0.95996365906658321     
  0.96078996262985772     
  0.96161769782644013     
  0.96244686046576133     
  0.96327744631551293     
  0.96410947492635646     
  0.96494293414983567     
  0.96577784361711627     
  0.96661419913359636     
  0.96745199646249969     
  0.96829125535671268     
  0.96913196359482723     
  0.96997414101151147     
  0.97081778340864100     
  0.97166288654548194     
  0.97250947038035762     
  0.97335752261852782     
  0.97420706330140605     
  0.97505808822787954     
  0.97591059315378303     
  0.97676459824616557     
  0.97762009113657655     
  0.97847709207648581     
  0.97933559686234894     
  0.98019560124712268     
  0.98105712560993430     
  0.98192015750825479     
  0.98278471740699191     
  0.98365080110075276     
  0.98451840434018778     
  0.98538754771992942     
  0.98625821872300623     
  0.98713043803122669     
  0.98800420143794654     
  0.98887950469211017     
  0.98975636860735750     
  0.99063478059192156     
  0.99151476154803997     
  0.99239630726844785     
  0.99327941350100546     
  0.99416410128194055     
  0.99505035794434005     
  0.99593820461448335     
  0.99682763708513755     
  0.99771865110372737     
  0.99861126793272614     
  0.99950547482973706     
   1.0004012931487678     
   1.0012987186833020     
   1.0021977471810015     
   1.0030984001343235     
   1.0040006647250572     
   1.0049045625387132     
   1.0058100893701958     
   1.0067172409681096     
   1.0076260390587151     
   1.0085364707476696     
   1.0094485578558408     
   1.0103622961802916     
   1.0112776814712996     
   1.0121947356928371     
   1.0131134458741191     
   1.0140338340753123     
   1.0149558960964047     
   1.0158796276901088     
   1.0168050510621036     
   1.0177321531648629     
   1.0186609563018838     
   1.0195914562768766     
   1.0205236488457803     
   1.0214575564600676     
   1.0223931659951837     
   1.0233305000020763     
   1.0242695542890101     
   1.0252103246159741     
   1.0261528336844170     
   1.0270970773057315     
   1.0280430602726303     
   1.0289907693024327     
   1.0299402453759829     
   1.0308914752794998     
   1.0318444638768680     
   1.0327992160499813     
   1.0337557184378028     
   1.0347140124466305     
   1.0356740847856227     
   1.0366359404095111     
   1.0375995842914594     
   1.0385650029918183     
   1.0395322383491403     
   1.0405012769952993     
   1.0414721239780051     
   1.0424447843638349     
   1.0434192446342889     
   1.0443955470671167     
   1.0453736782167056     
   1.0463536432259339     
   1.0473354472569936     
   1.0483190767123132     
   1.0493045743159382     
   1.0502919265445760     
   1.0512811386385295     
   1.0522722158578737     
   1.0532651445257566     
   1.0542599678197717     
   1.0552566721387773     
   1.0562552628228190     
   1.0572557452321840     
   1.0582581056105538     
   1.0592623875964815     
   1.0602685775108247     
   1.0612766807957557     
   1.0622867029141712     
   1.0632986300301195     
   1.0643125062506860     
   1.0653283178186004     
   1.0663460702806109     
   1.0673657692046947     
   1.0683874006751133     
   1.0694110092752367     
   1.0704365811695489     
   1.0714641220119034     
   1.0724936374778931     
   1.0735251135718697     
   1.0745585953614001     
   1.0755940689326420     
   1.0766315400491477     
   1.0776710144967399     
   1.0787124781997537     
   1.0797559767180531     
   1.0808014960594023     
   1.0818490420997291     
   1.0828986207377731     
   1.0839502178177738     
   1.0850038794001720     
   1.0860595914142994     
   1.0871173598512116     
   1.0881771907253339     
   1.0892390698007526     
   1.0903030436469567     
   1.0913690981148347     
   1.0924372393133999     
   1.0935074733756169     
   1.0945797859853870     
   1.0956542242299125     
   1.0967307738816534     
   1.0978094411705013     
   1.0988902323508905     
   1.0999731330265394     
   1.1010581908112274     
   1.1021453913990298     
   1.1032347411437207     
   1.1043262464242285     
   1.1054198927641161     
   1.1065157283128086     
   1.1076137386860760     
   1.1087139303646680     
   1.1098163098551193     
   1.1109208626008975     
   1.1120276372963558     
   1.1131366194790666     
   1.1142478157599438     
   1.1153612327763356     
   1.1164768558917062     
   1.1175947343548382     
   1.1187148536252491     
   1.1198372204473013     
   1.1209618415924623     
   1.1220887023443171     
   1.1232178525158036     
   1.1243492774885642     
   1.1254829841437957     
   1.1266189793904853     
   1.1277572484325091     
   1.1288978416569115     
   1.1300407443676805     
   1.1311859635863326     
   1.1323335063628877     
   1.1334833578217109     
   1.1346355689341499     
   1.1357901249267959     
   1.1369470329650817     
   1.1381063002436751     
   1.1392679118076732     
   1.1404319192231682     
   1.1415983076396545     
   1.1427670843701878     
   1.1439382567578125     
   1.1451118097686446     
   1.1462877955742119     
   1.1474661992472586     
   1.1486470282522840     
   1.1498302900845552     
   1.1510159696315367     
   1.1522041196811443     
   1.1533947252297680     
   1.1545877938972899     
   1.1557833333351630     
   1.1569813283525814     
   1.1581818323650703     
   1.1593848302931065     
   1.1605903299160190     
   1.1617983390455402     
   1.1630088424130174     
   1.1642218940730873     
   1.1654374788708057     
   1.1666556047491448     
   1.1678762796843305     
   1.1690994883303498     
   1.1703252853927295     
   1.1715536556416588     
   1.1727846071880754     
   1.1740181481770544     
   1.1752542631857563     
   1.1764930075826783     
   1.1777343660637505     
   1.1789783469123414     
   1.1802249584468643     
   1.1814741851682475     
   1.1827260831203441     
   1.1839806369254924     
   1.1852378550440967     
   1.1864977459725450     
   1.1877602941361936     
   1.1890255562669423     
   1.1902935169142721     
   1.1915641847203782     
   1.1928375683644110     
   1.1941136521968709     
   1.1953924936507279     
   1.1966740772034046     
   1.1979584116837954     
   1.1992455059587543     
   1.2005353443047164     
   1.2018279848690765     
   1.2031234367929058     
   1.2044216348923349     
   1.2057226375897216     
   1.2070265037745898     
   1.2083331431100865     
   1.2096426644645084     
   1.2109549771490227     
   1.2122701403198792     
   1.2135882136085616     
   1.2149091057945498     
   1.2162329270348859     
   1.2175595857521739     
   1.2188891418507624     
   1.2202216557185035     
   1.2215570352389080     
   1.2228953918812049     
   1.2242366331670529     
   1.2255808197634885     
   1.2269280128295119     
   1.2282781193401602     
   1.2296312521008661     
   1.2309873177197523     
   1.2323463776415164     
   1.2337084938114788     
   1.2350735722834834     
   1.2364417272237829     
   1.2378128643141573     
   1.2391870457923360     
   1.2405643344055370     
   1.2419446352734738     
   1.2433280639484534     
   1.2447145251728875     
   1.2461040819933191     
   1.2474967979748606     
   1.2488925772899360     
   1.2502915369027756     
   1.2516935806031761     
   1.2530987722627012     
   1.2545071762807867     
   1.2559186958691815     
   1.2573334494305679     
   1.2587513397886527     
   1.2601724316566698     
   1.2615967902852467     
   1.2630243179118534     
   1.2644551344048209     
   1.2658891416080682     
   1.2673264050935964     
   1.2687669909805668     
   1.2702108005183217     
   1.2716579550687466     
   1.2731083554820315     
   1.2745620682065226     
   1.2760191602477229     
   1.2774795318527725     
   1.2789433059057322     
   1.2804103822488899     
   1.2818808282249960     
   1.2833547117442028     
   1.2848319320371280     
   1.2863126135393772     
   1.2877966550709219     
   1.2892841248874776     
   1.2907750918226650     
   1.2922694540760173     
   1.2937673376648240     
   1.2952686403720772     
   1.2967734313855437     
   1.2982817804816587     
   1.2997935848140627     
   1.3013089720126600     
   1.3028278388085557     
   1.3043502553411883     
   1.3058762923497087     
   1.3074058459267970     
   1.3089390453467333     
   1.3104757862735663     
   1.3120161398185946     
   1.3135601777041432     
   1.3151077949466154     
   1.3166591224972750     
   1.3182140549376917     
   1.3197726643717833     
   1.3213350235261050     
   1.3229010263252015     
   1.3244708054308054     
   1.3260442543263240     
   1.3276214461296578     
   1.3292024545932506     
   1.3307871725339477     
   1.3323757343583442     
   1.3339680324357350     
   1.3355641409199859     
   1.3371641346117240     
   1.3387679052039825     
   1.3403755888835522     
   1.3419870768893993     
   1.3436024444339800     
   1.3452217673890539     
   1.3468449363074551     
   1.3484720891924833     
   1.3501031161362755     
   1.3517380934331813     
   1.3533770980497126     
   1.3550200193818489     
   1.3566669972867120     
   1.3583179206928382     
   1.3599728670004572     
   1.3616319142951676     
   1.3632949507991519     
   1.3649621182617084     
   1.3666333044307231     
   1.3683085878370129     
   1.3699880477103228     
   1.3716715710818121     
   1.3733593016323966     
   1.3750511259119689     
   1.3767471236073874     
   1.3784473751183626     
   1.3801517662675207     
   1.3818604427079428     
   1.3835732897739035     
   1.3852903883345322     
   1.3870118199861072     
   1.3887374693249173     
   1.3904674840179232     
   1.3922017481658584     
   1.3939403438471532     
   1.3956833538820781     
   1.3974306616224850     
   1.3991824167921243     
   1.4009385022399696     
   1.4026990012816216     
   1.4044639979896099     
   1.4062333744529525     
   1.4080072824963437     
   1.4097856036984795     
   1.4115684226408620     
   1.4133558246774336     
   1.4151476906156781     
   1.4169441744266753     
   1.4187451564000220     
   1.4205507224127594     
   1.4223609591303048     
   1.4241757460596047     
   1.4259952393649020     
   1.4278193180275687     
   1.4296480692507527     
   1.4314815810423682     
   1.4333197315895059     
   1.4351626792977421     
   1.4370103018207818     
   1.4388626877194262     
   1.4407199263760915     
   1.4425818946383906     
   1.4444487532028338     
   1.4463203783757108     
   1.4481968601080326     
   1.4500782891897532     
   1.4519645411090685     
   1.4538557789045190     
   1.4557518775149130     
   1.4576529283150803     
   1.4595590235366214     
   1.4614700372880567     
   1.4633861350026049     
   1.4653071902312085     
   1.4672332958072249     
   1.4691645454391160     
   1.4711008118351572     
   1.4730422628774968     
   1.4749887707085119     
   1.4769404296559281     
   1.4788973349414558     
   1.4808593578522224     
   1.4828266687752387     
   1.4847991384232884     
   1.4867768626555029     
   1.4887599382444217     
   1.4907482350348125     
   1.4927419259762085     
   1.4947408803304538     
   1.4967451955263551     
   1.4987549699261271     
   1.5007700719106358     
   1.5027906770514039     
   1.5048166531376670     
   1.5068480992074647     
   1.5088851152528422     
   1.5109275681688952     
   1.5129756362104843     
   1.5150291856722395     
   1.5170883172423362     
   1.5191531325841676     
   1.5212234970848719     
   1.5232995917459400     
   1.5253812813450802     
   1.5274686682629026     
   1.5295618558770927     
   1.5316607080443145     
   1.5337654085780215     
   1.5358758207163485     
   1.5379920485761072     
   1.5401141972936980     
   1.5422421291724795     
   1.5443760309052972     
   1.5465157641677547     
   1.5486614348581427     
   1.5508131499175586     
   1.5529707700728863     
   1.5551344849660105     
   1.5573041546867086     
   1.5594798869616271     
   1.5616617905841483     
   1.5638497246812058     
   1.5660438819156473     
   1.5682441207678186     
   1.5704505508412516     
   1.5726632828308953     
   1.5748821742399335     
   1.5771074208264890     
   1.5793388794375534     
   1.5815766616038081     
   1.5838208799728088     
   1.5860713903998780     
   1.5883283918152129     
   1.5905917394082116     
   1.5928615466887819     
   1.5951379283099654     
   1.5974207384548051     
   1.5997101793049571     
   1.6020061043676870     
   1.6043086291860902     
   1.6066178704735017     
   1.6089336807159578     
   1.6112562654286651     
   1.6135854764119091     
   1.6159214312979175     
   1.6182642489171317     
   1.6206137800335634     
   1.6229702335808709     
   1.6253334596272255     
   1.6277035779519924     
   1.6300807095616412     
   1.6324647034728457     
   1.6348557721255634     
   1.6372537638304250     
   1.6396588005741051     
   1.6420710056002208     
   1.6444902261525174     
   1.6469166782681639     
   1.6493502084745506     
   1.6517909410280980     
   1.6542390014729884     
   1.6566942352541834     
   1.6591568621001742     
   1.6616267267291520     
   1.6641039557320816     
   1.6665886770195484     
   1.6690807342116072     
   1.6715803508255405     
   1.6740873697441181     
   1.6766019199601390     
   1.6791241318189452     
   1.6816538470893292     
   1.6841912931783185     
   1.6867363111068130     
   1.6892890323393275     
   1.6918495897269674     
   1.6944178231606755     
   1.6969939640418361     
   1.6995778515028070     
   1.7021696195524303     
   1.7047694036213499     
   1.7073770416958642     
   1.7099927692801500     
   1.7126164235911483     
   1.7152481412574969     
   1.7178880603660627     
   1.7205360169715176     
   1.7231922507932618     
   1.7258565971057689     
   1.7285291952359350     
   1.7312101860065914     
   1.7338994035136261     
   1.7365970918082900     
   1.7393030841953716     
   1.7420175227816426     
   1.7447405512088350     
   1.7474720015867675     
   1.7502121224195335     
   1.7529607450149047     
   1.7557180143444395     
   1.7584840769550740     
   1.7612587629431551     
   1.7640423253912101     
   1.7668345935825518     
   1.7696357154419129     
   1.7724458405112684     
   1.7752647968460091     
   1.7780928422374953     
   1.7809298039170782     
   1.7837758328546955     
   1.7866310816809057     
   1.7894953763826198     
   1.7923689795954700     
   1.7952517164713129     
   1.7981437411211512     
   1.8010452093615830     
   1.8039559450835032     
   1.8068762159075473     
   1.8098058448785532     
   1.8127449893484879     
   1.8156938084215422     
   1.8186521238650997     
   1.8216202084310793     
   1.8245978830298339     
   1.8275853083584344     
   1.8305826469145372     
   1.8335897183145935     
   1.8366066853146843     
   1.8396338281607449     
   1.8426707342285917     
   1.8457176836525697     
   1.8487747263368357     
   1.8518419125165999     
   1.8549195279403654     
   1.8580071539390177     
   1.8611050761576591     
   1.8642133461841199     
   1.8673320159513247     
   1.8704613768771754     
   1.8736010041236222     
   1.8767511890142057     
   1.8799119848920431     
   1.8830834454600958     
   1.8862658679794650     
   1.8894588213161541     
   1.8926626026467530     
   1.8958772671449546     
   1.8991028703598176     
   1.9023397155766608     
   1.9055873652354820     
   1.9088461225478088     
   1.9121160445971159     
   1.9153971888585715     
   1.9186898648303294     
   1.9219936283932118     
   1.9253087889832392     
   1.9286354056770199     
   1.9319735379600405     
   1.9353235017399126     
   1.9386848462019326     
   1.9420578872042458     
   1.9454426859043465     
   1.9488393038867098     
   1.9522480636734545     
   1.9556685076147666     
   1.9591009581970495     
   1.9625454787511172     
   1.9660021330538360     
   1.9694712504557681     
   1.9729523663291042     
   1.9764458100036102     
   1.9799516470808234     
   1.9834699436284349     
   1.9870010360487549     
   1.9905444525897411     
   1.9941005296490844     
   1.9976693352017332     
   2.0012509377099903     
   2.0048456808611061     
   2.0084530856291547     
   2.0120734957142954     
   2.0157069815732034     
   2.0193536141722719     
   2.0230137447273178     
   2.0266868867854213     
   2.0303733915942956     
   2.0340733322066402     
   2.0377867822084825     
   2.0415141005988588     
   2.0452547933412291     
   2.0490092194870853     
   2.0527774548058257     
   2.0565595756251103     
   2.0603559489934984     
   2.0641660731306528     
   2.0679903151598427     
   2.0718287536946320     
   2.0756814679331947     
   2.0795488332522436     
   2.0834303399638663     
   2.0873263635435628     
   2.0912369855837807     
   2.0951622882894232     
   2.0991026556570231     
   2.1030575699236982     
   2.1070274152108146     
   2.1110122762321453     
   2.1150122383433771     
   2.1190276944663320     
   2.1230581185921107     
   2.1271039037955450     
   2.1311651380624270     
   2.1352419100516418     
   2.1393346219303999     
   2.1434427392690716     
   2.1475666644183473     
   2.1517064887955524     
   2.1558623045241134     
   2.1600345233522376     
   2.1642226022511797     
   2.1684269531855738     
   2.1726476711732134     
   2.1768848519729627     
   2.1811389172660798     
   2.1854093152426590     
   2.1896964678360096     
   2.1940004738434071     
   2.1983214328402672     
   2.2026597768104175     
   2.2070149449770939     
   2.2113873696146973     
   2.2157771534897863     
   2.2201844001863749     
   2.2246095523789289     
   2.2290520401345217     
   2.2335123064598430     
   2.2379904582920878     
   2.2424866034276354     
   2.2470011956393696     
   2.2515336556453422     
   2.2560844375957010     
   2.2606536528120165     
   2.2652414135193508     
   2.2698481850177652     
   2.2744733784799402     
   2.2791174596319097     
   2.2837805444066364     
   2.2884627496876524     
   2.2931645527532778     
   2.2978853550310911     
   2.3026256342780616     
   2.3073855112798181     
   2.3121651078226071     
   2.3169649136378712     
   2.3217843202050856     
   2.3266238177913272     
   2.3314835322914669     
   2.3363635906542424     
   2.3412644955644346     
   2.3461856283473015     
   2.3511274922849137     
   2.3560902186544164     
   2.3610739398435050     
   2.3660791720175629     
   2.3711052861385959     
   2.3761527990359959     
   2.3812218476599112     
   2.3863125701314223     
   2.3914254966526576     
   2.3965599876106336     
   2.4017165739437050     
   2.4068953985848029     
   2.4120966057021547     
   2.4173207401216326     
   2.4225671514411014     
   2.4278363853008509     
   2.4331285909468972     
   2.4384439189292069     
   2.4437829293173987     
   2.4491449607039093     
   2.4545305740574603     
   2.4599399252895782     
   2.4653731716890293     
   2.4708308892244939     
   2.4763124052649834     
   2.4818182967700322     
   2.4873487266929817     
   2.4929038594426971     
   2.4984842875800712     
   2.5040893270314077     
   2.5097195714478935     
   2.5153751912267719     
   2.5210563583044938     
   2.5267636825678794     
   2.5324964682804714     
   2.5382553265272030     
   2.5440404355791721     
   2.5498519753362103     
   2.5556905737883056     
   2.5615555233160281     
   2.5674474532244265     
   2.5733665501185556     
   2.5793130023280515     
   2.5852874567700632     
   2.5912891937225062     
   2.5973188615444984     
   2.6033766556677969     
   2.6094627733514368     
   2.6155778813139765     
   2.6217212475123381     
   2.6278935402448349     
   2.6340949642980500     
   2.6403257263959654     
   2.6465865139868843     
   2.6528765824906646     
   2.6591966210850311     
   2.6655468444778938     
   2.6719274694327413     
   2.6783392051142112     
   2.6847812941923657     
   2.6912544477239262     
   2.6977588909462953     
   2.7042948512793967     
   2.7108630606536037     
   2.7174627487810179     
   2.7240946496609819     
   2.7307589997138511     
   2.7374560376789656     
   2.7441865193696247     
   2.7509496613377902     
   2.7577462216581963     
   2.7645764486368858     
   2.7714405930457144     
   2.7783394357713465     
   2.7852721800110194     
   2.7922396091223760     
   2.7992419840535461     
   2.8062795683765955     
   2.8133531693212137     
   2.8204619765447765     
   2.8276067999762478     
   2.8347879140207408     
   2.8420055958777644     
   2.8492606804754725     
   2.8565523437578175     
   2.8638814236011134     
   2.8712482087462199     
   2.8786529909123053     
   2.8860966341744145     
   2.8935783006035116     
   2.9010988574943330     
   2.9086586088720110     
   2.9162578619386190     
   2.9238975114654364     
   2.9315767055076458     
   2.9392963423526730     
   2.9470567423347713     
   2.9548582291798717     
   2.9627017300144836     
   2.9705863787551596     
   2.9785131063684780     
   2.9864822506062327     
   2.9944941528442954     
   3.0025497743426821     
   3.0106482347800512     
   3.0187904996107076     
   3.0269769252040510     
   3.0352078718053299     
   3.0434843367162809     
   3.0518054253061289     
   3.0601721394585732     
   3.0685848554612880     
   3.0770439537508469     
   3.0855504697206260     
   3.0941034943913635     
   3.1027040681630611     
   3.1113525886529150     
   3.1200494579234839     
   3.1287957516644611     
   3.1375905465469591     
   3.1464349237329010     
   3.1553293037019619     
   3.1642741117014253     
   3.1732704660912119     
   3.1823174292358187     
   3.1914161254783777     
   3.2005669998281228     
   3.2097705024125895     
   3.2190277968211691     
   3.2283379312060183     
   3.2377020757010735     
   3.2471207016602341     
   3.2565942859378101     
   3.2661240401151410     
   3.2757089982857748     
   3.2853503791928778     
   3.2950486825137109     
   3.3048044138427968     
   3.3146188357391186     
   3.3244909684601716     
   3.3344220824062938     
   3.3444127077378489     
   3.3544633809878066     
   3.3645754189240069     
   3.3747478282700412     
   3.3849819343839913     
   3.3952783002697391     
   3.4056374958018125     
   3.4160608954586138     
   3.4265474928239392     
   3.4370986717926990     
   3.4477150307954769     
   3.4583971756789902     
   3.4691465424323500     
   3.4799621119998774     
   3.4908453306999379     
   3.5017968352206865     
   3.5128172702647005     
   3.5239081374618362     
   3.5350684057398363     
   3.5462995880673347     
   3.5576023624967661     
   3.5689774157521423     
   3.5804263195993178     
   3.5919480317138475     
   3.6035441363183729     
   3.6152153562440335     
   3.6269624237164311     
   3.6387869855377435     
   3.6506879890590374     
   3.6626670947790911     
   3.6747250740660409     
   3.6868627084789027     
   3.6990817252065828     
   3.7113810623918981     
   3.7237624622971612     
   3.7362267489707599     
   3.7487747575307795     
   3.7614083014043018     
   3.7741263108598533     
   3.7869306159290912     
   3.7998220979156514     
   3.8128016501642263     
   3.8258711787503565     
   3.8390296076538575     
   3.8522788612602383     
   3.8656198831885606     
   3.8790536301743934     
   3.8925821079765859     
   3.9062042361627531     
   3.9199220407041389     
   3.9337365331416780     
   3.9476487393256074     
   3.9616607724323969     
   3.9757715498306752     
   3.9899832070349968     
   4.0042968297309436     
   4.0187135192387533     
   4.0332355046718398     
   4.0478617038031288     
   4.0625943704633105     
   4.0774346714022291     
   4.0923837904798139     
   4.1074440821487430     
   4.1226144676418874     
   4.1378973287968392     
   4.1532939211369282     
   4.1688055189412632     
   4.1844346123996035     
   4.2001801297857080     
   4.2160445916708014     
   4.2320293509576699     
   4.2481357811442351     
   4.2643665196801077     
   4.2807205060717282     
   4.2972004115226614     
   4.3138076959419855     
   4.3305438418940065     
   4.3474116468854129     
   4.3644100665585128     
   4.3815419359771255     
   4.3988088328483972     
   4.4162123598471030     
   4.4337554887816966     
   4.4514371971634388     
   4.4692604986535915     
