  0.99734445696346552     
  0.99150226227517557     
  0.98449162863181672     
  0.97607886823889278     
  0.96598355574231221     
  0.95386918071632909     
  0.93933193064904597     
  0.92188723052498200     
  0.90095359032411582     
  0.87583322202068958     
  0.84568877998171343     
  0.80951544944510456     
  0.76610745269336911     
  0.71401785646192062     
  0.65151034082894344     
  0.57650132188308378     
  0.48649049892450791     
  0.37847751110596378     
  0.24886192540180702     
   9.3323222170534348E-002
