   0.0000000000000000        0.0000000000000000        0.0000000000000000        0.0000000000000000        0.0000000000000000        0.0000000000000000        0.0000000000000000        0.0000000000000000        0.0000000000000000        0.0000000000000000        0.0000000000000000        0.0000000000000000        0.0000000000000000        0.0000000000000000        0.0000000000000000        0.0000000000000000        0.0000000000000000        0.0000000000000000        0.0000000000000000        0.0000000000000000        0.0000000000000000     
   0.0000000000000000        9.9342845809137743E-010   1.2272725269843199E-009   1.2473122170825156E-009   1.3022835690449141E-009   1.3687736238134205E-009   1.4251136572131574E-009   1.4652124263809701E-009   1.4890757134543169E-009   1.4977980785579784E-009   1.4919321061572391E-009   1.4710595639921593E-009   1.4336230392256876E-009   1.3767084290112172E-009   1.2956818587660536E-009   1.1836607170499558E-009   1.0308959462874622E-009   8.2439293464636605E-010   5.4862578471390959E-010  -6.9608414527523225E-011   0.0000000000000000     
   0.0000000000000000        8.4269785990552561E-010   7.2218277310766774E-010   7.4785396699713995E-010   8.0674136899845214E-010   8.7210880329202698E-010   9.2781761999337475E-010   9.6618785492011008E-010   9.8451777660019862E-010   9.8186037077754828E-010   9.5728076405662494E-010   9.0908741117292107E-010   8.3449660109727960E-010   7.2950033796053334E-010   5.8900420501362558E-010   4.0771143608878218E-010   1.8320371020968722E-010  -7.4491359141864405E-011  -3.1336822377407287E-010  -7.6466142493112218E-010   0.0000000000000000     
   0.0000000000000000        4.8724474515829394E-010   5.3693709709390949E-010   5.4042951744777020E-010   5.5114503414448288E-010   5.7013364058597677E-010   5.8781155687404691E-010   5.9554594092766277E-010   5.8759644844139416E-010   5.6019003215469035E-010   5.1038587502913388E-010   4.3537177417693380E-010   3.3222738610355901E-010   1.9819904941178815E-010   3.1798739560618053E-011  -1.6442717902585826E-010  -3.7753930373257807E-010  -5.7022354131275246E-010  -6.5179432973412547E-010  -8.7440659874093788E-010   0.0000000000000000     
   0.0000000000000000        4.1823156217530730E-010   4.9615746343253715E-010   4.7302540245124537E-010   4.3373990010250165E-010   3.9901716457205968E-010   3.6795401763698655E-010   3.3420739582313948E-010   2.9141901622387681E-010   2.3444367762785210E-010   1.5928522306736684E-010   6.2906738892556596E-011  -5.6631462855911794E-011  -1.9941698422132141E-010  -3.6190035380686987E-010  -5.3335420183012420E-010  -6.8944187888706514E-010  -7.8166771789237836E-010  -7.2356224856484414E-010  -7.9427021129707823E-010   0.0000000000000000     
   0.0000000000000000        3.7038132984143935E-010   4.6697905829407836E-010   4.4082034741443290E-010   3.7443124400963101E-010   3.0074123408409388E-010   2.2848729912390189E-010   1.5655469525074855E-010   8.0780448989849148E-011  -3.2311833516942706E-012  -9.9046200810025688E-011  -2.0888392479822084E-010  -3.3301539863522585E-010  -4.6868349316262655E-010  -6.0819796295900976E-010  -7.3586257901630347E-010  -8.2360144973818139E-010  -8.2612688743738611E-010  -6.7952512357160273E-010  -6.6409757180220305E-010   0.0000000000000000     
   0.0000000000000000        3.1751754305745518E-010   4.2203351269287719E-010   4.0459744176252093E-010   3.3107173509151968E-010   2.3713697908206486E-010   1.3818875826992804E-010   3.8646282641311296E-011  -6.2026991943760262E-011  -1.6597117627348153E-010  -2.7514073850733240E-010  -3.9021381466107694E-010  -5.0963775677328895E-010  -6.2845848027711395E-010  -7.3673226386587299E-010  -8.1752177971008762E-010  -8.4493441930773538E-010  -7.8369032823098082E-010  -5.9366679542477448E-010  -5.3432975971271461E-010   0.0000000000000000     
   0.0000000000000000        2.6514235897912026E-010   3.6647635344801567E-010   3.5830694548685898E-010   2.8820839230528029E-010   1.8834884866828949E-010   7.6732956094903288E-011  -3.8239515745417557E-011  -1.5356744726131918E-010  -2.6865067729942201E-010  -3.8331889899091171E-010  -4.9647577578963294E-010  -6.0500180674626880E-010  -7.0268976843135701E-010  -7.7915367456412780E-010  -8.1890011356389630E-010  -8.0117180170912512E-010  -7.0184450658159367E-010  -4.9946681135021869E-010  -4.2141131194258516E-010   0.0000000000000000     
   0.0000000000000000        2.1740727872481977E-010   3.0840655877005755E-010   3.0603899154075434E-010   2.4316462920561913E-010   1.4609121553750811E-010   3.2450815189507583E-011  -8.7343782734056107E-011  -2.0768457415188005E-010  -3.2554227924500105E-010  -4.3872215422278481E-010  -5.4454170587280201E-010  -6.3879086294511942E-010  -7.1488728476018980E-010  -7.6326716901381449E-010  -7.7124997793660676E-010  -7.2389246677649422E-010  -6.0665743029835017E-010  -4.1085338438763950E-010  -3.2850375623848969E-010   0.0000000000000000     
   0.0000000000000000        1.7550519270018617E-010   2.5285979113716840E-010   2.5276189441523214E-010   1.9759890756338960E-010   1.0782104410569228E-010  -8.5394237658893081E-013  -1.1757086126562702E-010  -2.3523476156614482E-010  -3.4908759668401919E-010  -4.5538265247511873E-010  -5.5028676533332756E-010  -6.2902699221177940E-010  -6.8530004354823195E-010  -7.1103626474312368E-010  -6.9672969522355230E-010  -6.3268161830699901E-010  -5.1158118715068274E-010  -3.3269932328420303E-010  -2.5391135271565253E-010   0.0000000000000000     
   0.0000000000000000        1.3929981899948857E-010   2.0220978426746947E-010   2.0195397895220182E-010   1.5379868961675208E-010   7.3253274038854840E-011  -2.6391524461164074E-011  -1.3482465556686218E-010  -2.4441753945835492E-010  -3.4944923551462325E-010  -4.4522287863009791E-010  -5.2726603528274687E-010  -5.9071348072583973E-010  -6.2995019163690285E-010  -6.3862107025287503E-010  -6.1016586983289667E-010  -5.3907620247082022E-010  -4.2303307635616591E-010  -2.6587443344946193E-010  -1.9457421636930110E-010   0.0000000000000000     
   0.0000000000000000        1.0826616700135856E-010   1.5731856204791047E-010   1.5558036318240610E-010   1.1350041588025449E-010   4.2708337243854619E-011  -4.5894898539251507E-011  -1.4304791139555384E-010  -2.4126491014477574E-010  -3.3451649978532271E-010  -4.1772256505987297E-010  -4.8624131294495945E-010  -5.3547828738658182E-010  -5.6071417762873926E-010  -5.5725090912958269E-010  -5.2098305431176718E-010  -4.4948705713384182E-010  -3.4364334983136113E-010  -2.0962321387339921E-010  -1.4743876195837499E-010   0.0000000000000000     
   0.0000000000000000        8.1839182794324331E-011   1.1831730636266901E-010   1.1457705431103977E-010   7.7750681264878265E-011   1.6503857633532763E-011  -6.0385383232585806E-011  -1.4489320962671309E-010  -2.3009310090168271E-010  -3.1012861080115741E-010  -3.7998853206714577E-010  -4.3523235775718055E-010  -4.7178300137371159E-010  -4.8588262996385067E-010  -4.7429460106864946E-010  -4.3481931153198076E-010  -3.6715608872798436E-010  -2.7406511834692451E-010  -1.6264796500596964E-010  -1.0991105074441469E-010   0.0000000000000000     
   0.0000000000000000        5.9521153592270939E-011   8.5037546859913665E-011   7.9302298609169713E-011   4.7095833788203929E-011  -5.1653539354956156E-012  -7.0495006126231731E-011  -1.4210969292858284E-010  -2.1385891725217081E-010  -2.8037176321491062E-010  -3.3702394708869834E-010  -3.7983418650428192E-010  -4.0538705435066171E-010  -4.1086409266794718E-010  -3.9424799801122800E-010  -3.5474179175629166E-010  -2.9340670521220887E-010  -2.1395915282291337E-010  -1.2357623663404673E-010  -7.9936960213530795E-011   0.0000000000000000     
   0.0000000000000000        4.0920682331276160E-011   5.7247580149575459E-011   4.9861555789910086E-011   2.1820654153609131E-011  -2.2161816679528737E-011  -7.6564118807216328E-011  -1.3574829720983718E-010  -1.9442037718232608E-010  -2.4787161242143200E-010  -2.9206252767710419E-010  -3.2362786602619251E-010  -3.3987833994971834E-010  -3.3886411945675767E-010  -3.1954868507520776E-010  -2.8211951613606212E-010  -2.2843053667748737E-010  -1.6252696765590738E-010  -9.1147622301778804E-011  -5.5953832551075356E-011   0.0000000000000000     
   0.0000000000000000        2.5782670349910961E-011   3.4791508282258247E-011   2.6320792916697838E-011   2.1445227774462924E-012  -3.4295406748016259E-011  -7.8640079238171600E-011  -1.2625913887510931E-010  -1.7271414632357707E-010  -2.1404009102552271E-010  -2.4688755048987136E-010  -2.6858387409934456E-010  -2.7717157083851190E-010  -2.7147316707023851E-010  -2.5121772483554211E-010  -2.1724645322776665E-010  -1.7179330911257752E-010  -1.1881116358443351E-010  -6.4286438968016374E-011  -3.6819050550369393E-011   0.0000000000000000     
   0.0000000000000000        1.4019690323875804E-011   1.7665396656992978E-011   8.8243735562825219E-012  -1.1651657449928493E-011  -4.1225709052260852E-011  -7.6435451058697500E-011  -1.1351813878409886E-010  -1.4885536066238995E-010  -1.7925197778179489E-010  -2.0209002691578843E-010  -2.1540557055621943E-010  -2.1793310664499862E-010  -2.0915315911897614E-010  -1.8936673357933609E-010  -1.5980757823229292E-010  -1.2279160699557986E-010  -8.1894736630070343E-011  -4.2147084587531152E-011  -2.1757373544136015E-011   0.0000000000000000     
   0.0000000000000000        5.7248319817620083E-012   6.0114124936053785E-012  -2.3939323602438316E-012  -1.9179817307568664E-011  -4.2392065736420499E-011  -6.9259135983499434E-011  -9.6786962961416180E-011  -1.2215034641309546E-010  -1.4292910059307189E-010  -1.5723727875774093E-010  -1.6378735918404517E-010  -1.6192261584275992E-010  -1.5164107506045386E-010  -1.3362421597929384E-010  -1.0927471553845329E-010  -8.0763305085404307E-011  -5.1090283895933335E-011  -2.4186785347468540E-011  -1.0341415966964888E-011   0.0000000000000000     
   0.0000000000000000        1.0944322887808398E-012  -5.3609508827002972E-014  -7.1536229346934736E-012  -1.9989494871199086E-011  -3.6958112417053198E-011  -5.5897408741934027E-011  -7.4579265489343117E-011  -9.0993254993296088E-011  -1.0350304393016790E-010  -1.1092648567564855E-010  -1.1257234154855167E-010  -1.0825506685361792E-010  -9.8299947692354258E-011  -8.3542568543421304E-011  -6.5319998538454873E-011  -4.5449613337158635E-011  -2.6202702774838025E-011  -1.0315694974339600E-011  -2.5078689609671125E-012   0.0000000000000000     
   0.0000000000000000        6.8005673546334513E-014  -9.5137656979119478E-013  -5.6975159010078770E-012  -1.3691655566158094E-011  -2.3716700734875313E-011  -3.4379798631825149E-011  -4.4372615222535775E-011  -5.2595055687309095E-011  -5.8214389289570929E-011  -6.0691683464254868E-011  -5.9791742466162215E-011  -5.5585410547554693E-011  -4.8447853484170855E-011  -3.9051479388375112E-011  -2.8347656809715697E-011  -1.7529269861407751E-011  -7.9723785132899724E-012  -1.1836226196816225E-012   1.4050552635213768E-012   0.0000000000000000     
   0.0000000000000000        0.0000000000000000        0.0000000000000000        0.0000000000000000        0.0000000000000000        0.0000000000000000        0.0000000000000000        0.0000000000000000        0.0000000000000000        0.0000000000000000        0.0000000000000000        0.0000000000000000        0.0000000000000000        0.0000000000000000        0.0000000000000000        0.0000000000000000        0.0000000000000000        0.0000000000000000        0.0000000000000000        0.0000000000000000        0.0000000000000000     
