  -2.4129099358365159E-052   6.0833033412610472E-010   7.6901440496309130E-010   8.2098765493291676E-010   8.4341864219830497E-010   8.5726279819926344E-010   8.6766454126698969E-010   8.7612270866287427E-010   8.8340759283478288E-010   8.9014595388168939E-010   8.9694060736114788E-010   9.0444299492398379E-010   9.1345994335066837E-010   9.2512708656794218E-010   9.4121310724811020E-010   9.6469308176605705E-010   1.0009008011908472E-009   1.0599991344069434E-009   1.1627536670261649E-009   1.4333389795201942E-009
   7.3360247280907899E-011   6.7132586116140083E-010   7.1905093714356291E-010   7.7300729040833743E-010   8.1036103909520003E-010   8.3545435949164460E-010   8.5337357958828485E-010   8.6721715049907400E-010   8.7880699602925798E-010   8.8935477992324398E-010   8.9982799627467844E-010   9.1116315527080516E-010   9.2443871238606990E-010   9.4107469356929421E-010   9.6312452612718090E-010   9.9374846051898177E-010   1.0380212832501465E-009   1.1043437380412847E-009   1.2068917367863475E-009   1.3367567938307907E-009
   5.0837029293709856E-010   6.3963333747408797E-010   7.1758399854741847E-010   7.6837294903275498E-010   8.0392985459216347E-010   8.2953071890115304E-010   8.4875917014419650E-010   8.6404334034875427E-010   8.7702579968668169E-010   8.8889371466566686E-010   9.0061513814058215E-010   9.1310474313814013E-010   9.2735878539343218E-010   9.4458685834839702E-010   9.6635779174506762E-010   9.9474806579745098E-010   1.0323995684332908E-009   1.0821189846451926E-009   1.1447068920538629E-009   1.1817681914353608E-009
   6.9731757209965236E-010   7.0083950520736984E-010   7.4328168226615577E-010   7.7897374041058460E-010   8.0745832470655034E-010   8.2998313054934300E-010   8.4809270724090204E-010   8.6317491607476208E-010   8.7636280619389692E-010   8.8858260468026716E-010   9.0063701931868531E-010   9.1328478444447655E-010   9.2730767176427961E-010   9.4355891057139104E-010   9.6297426015291466E-010   9.8648857273165976E-010   1.0147113322835707E-009   1.0470246866393957E-009   1.0794023339460519E-009   1.0834135805443559E-009
   7.8006744007203952E-010   7.5853006873189259E-010   7.7573064463972588E-010   7.9678302552866741E-010   8.1694931511561287E-010   8.3485369970642058E-010   8.5045748776333895E-010   8.6420492817092460E-010   8.7667212670997360E-010   8.8844108764478930E-010   9.0006954819852185E-010   9.1209360177602792E-010   9.2503193023937157E-010   9.3937027033578611E-010   9.5549498907627053E-010   9.7352260800976706E-010   9.9293320366782429E-010   1.0118648088162776E-009   1.0259538484091242E-009   1.0186007261641037E-009
   8.2096031983909900E-010   7.9934230855894260E-010   8.0432798383772922E-010   8.1547947154218310E-010   8.2870423155213397E-010   8.4202739832025988E-010   8.5468141892469613E-010   8.6651861633185804E-010   8.7768337925552646E-010   8.8844401340125166E-010   8.9911070843748267E-010   9.0999217870145141E-010   9.2136001073075767E-010   9.3339869512767675E-010   9.4611487669358453E-010   9.5917469302665481E-010   9.7163410602968856E-010   9.8154720377031252E-010   9.8554041134145437E-010   9.7506732471888805E-010
   8.4468718618157961E-010   8.2692397981477278E-010   8.2675895870116107E-010   8.3210275868532436E-010   8.4036168134305265E-010   8.4987194795100402E-010   8.5972447670542234E-010   8.6950744675511050E-010   8.7910168644279071E-010   8.8854398992938970E-010   8.9794047517963204E-010   9.0740749881951473E-010   9.1701989572182412E-010   9.2675164760723081E-010   9.3639236679764214E-010   9.4542761456728687E-010   9.5288127026781523E-010   9.5714971127740292E-010   9.5593030705441807E-010   9.4550235648178771E-010
   8.6023426975051636E-010   8.4585255994857248E-010   8.4368023815585083E-010   8.4581039025151944E-010   8.5076784032734395E-010   8.5737490745984710E-010   8.6483829502905848E-010   8.7268659459417552E-010   8.8067374043795195E-010   8.8869179855752193E-010   8.9670203323445617E-010   9.0467950637755701E-010   9.1256205979270345E-010   9.2019670597385079E-010   9.2727578161304122E-010   9.3326207115685061E-010   9.3731346229981941E-010   9.3824035449347584E-010   9.3456425849150347E-010   9.2529335315175692E-010
   8.7104098731751489E-010   8.5916485634199712E-010   8.5629811815654625E-010   8.5668988425368278E-010   8.5952387920203154E-010   8.6402147210111446E-010   8.6956753209651996E-010   8.7572754186813844E-010   8.8221572090184611E-010   8.8884844579919470E-010   8.9549763159223091E-010   9.0204748802444453E-010   9.0835283855276594E-010   9.1419761680288050E-010   9.1925184887044607E-010   9.2303103388390497E-010   9.2486983858242651E-010   9.2393417318142028E-010   9.1930830754527042E-010   9.1145963365031897E-010
   8.7864906560379277E-010   8.6866535069125522E-010   8.6565664912171385E-010   8.6512624162206550E-010   8.6661555857362911E-010   8.6961906453130004E-010   8.7368258887637004E-010   8.7844031859789474E-010   8.8361330166694329E-010   8.8898890889903641E-010   8.9439300949586735E-010   8.9966025908521465E-010   9.0460422353080198E-010   9.0898882401156468E-010   9.1250247579619170E-010   9.1473980766569473E-010   9.1520029533460994E-010   9.1331825981727416E-010   9.0854099726926551E-010   9.0204840682828363E-010
   8.8391210355493209E-010   8.7544164034848302E-010   8.7253617195261036E-010   8.7154203114752349E-010   8.7219223359331236E-010   8.7415595379463808E-010   8.7710292332369088E-010   8.8073747756668129E-010   8.8480799692476039E-010   8.8910070141568961E-010   8.9342514826855184E-010   8.9759611188452064E-010   9.0141460644971471E-010   9.0465044608804524E-010   9.0702877961787974E-010   9.0822480674944873E-010   9.0787287089539246E-010   9.0559755741193844E-010   9.0107314002964698E-010   8.9576330182409934E-010
   8.8738885160033353E-010   8.8018936891253214E-010   8.7750379189318269E-010   8.7631275720518309E-010   8.7645463799626291E-010   8.7770889291390861E-010   8.7983506585669935E-010   8.8259815946450882E-010   8.8578006310483347E-010   8.8918035415124223E-010   8.9261039616836292E-010   8.9588398734425165E-010   8.9880710010097521E-010   9.0116894288330712E-010   9.0273672895866278E-010   9.0325718433849830E-010   9.0246844952304477E-010   9.0012589911987043E-010   8.9604342843405561E-010   8.9173014252194380E-010
   8.8947898340968927E-010   8.8338362916464285E-010   8.8097642217412054E-010   8.7974998625907376E-010   8.7960403063717609E-010   8.8038928606813731E-010   8.8192970794464852E-010   8.8403950910847018E-010   8.8653326351574248E-010   8.8922979800205750E-010   8.9195162179758609E-010   8.9452182334031875E-010   8.9676029028808050E-010   8.9848088477347173E-010   8.9949141009992811E-010   8.9959824672677449E-010   8.9861752344141541E-010   8.9639408700561070E-010   8.9282790378475296E-010   8.8934814886463946E-010
   8.9047874302432016E-010   8.8536736679053497E-010   8.8326794441128443E-010   8.8210628544656076E-010   8.8182170357223850E-010   8.8231399458549735E-010   8.8345447571351324E-010   8.8509644551606739E-010   8.8708325259609271E-010   8.8925352598914019E-010   8.9144400967010285E-010   8.9349090570985640E-010   8.9523083371497628E-010   8.9650236450459062E-010   8.9714927899492639E-010   8.9702645881917910E-010   8.9600905300830265E-010   8.9400495090735007E-010   8.9096954808601029E-010   8.8819396735841600E-010
   8.9061151007270586E-010   8.8640050484589567E-010   8.8462145807425165E-010   8.8358517356721850E-010   8.8326211689763165E-010   8.8359011019725147E-010   8.8447736263901992E-010   8.8580817486393138E-010   8.8744942535797202E-010   8.8925669026015536E-010   8.9107959337297352E-010   8.9276654522134125E-010   8.9416934531929958E-010   8.9514803118108298E-010   8.9557648736462470E-010   8.9534894019675447E-010   8.9438708271885568E-010   8.9264705699089906E-010   8.9012502419158602E-010   8.8795700884392764E-010
   8.9005235452059299E-010   8.8669224519251940E-010   8.8523203905770277E-010   8.8435059637292855E-010   8.8405119928336570E-010   8.8430666904980840E-010   8.8505639686782739E-010   8.8620918830895899E-010   8.8764932045723401E-010   8.8924394637184763E-010   8.9085082242443289E-010   8.9232601633468114E-010   8.9353163907531214E-010   8.9434359920869767E-010   8.9465940211786951E-010   8.9440549916453417E-010   8.9354313923124432E-010   8.9207112705425895E-010   8.9002379491237039E-010   8.8839162492535705E-010
   8.8895689144481115E-010   8.8642760892030318E-010   8.8526374582482970E-010   8.8453381399153674E-010   8.8428522101117377E-010   8.8452876120250234E-010   8.8523216071945684E-010   8.8632266514567279E-010   8.8769453659847308E-010   8.8921875978195500E-010   8.9075351065813485E-010   8.9215482428468104E-010   8.9328735222493584E-010   8.9403508555591115E-010   8.9431180991938792E-010   8.9407035237301895E-010   8.9330875230817575E-010   8.9207048910875354E-010   8.9043576426358088E-010   8.8927634742375646E-010
   8.8750492086478185E-010   8.8579261768357519E-010   8.8486145652392410E-010   8.8423559402690903E-010   8.8402698533180511E-010   8.8429085779020101E-010   8.8502068392923399E-010   8.8615464674985292E-010   8.8758728048008499E-010   8.8918291795885760E-010   8.9078948444300890E-010   8.9225225714565844E-010   8.9342769227774060E-010   8.9419741670814786E-010   8.9448225563072585E-010   8.9425524131236471E-010   8.9355096894781350E-010   8.9246629736905485E-010   8.9114555250096652E-010   8.9037420651952139E-010
   8.8597090861299442E-010   8.8499520935152050E-010   8.8415383663788329E-010   8.8352006704766104E-010   8.8329619844221777E-010   8.8358692236267017E-010   8.8440499207994137E-010   8.8568788371703859E-010   8.8731695170248789E-010   8.8913607176795190E-010   8.9096915825081860E-010   8.9263692719303673E-010   8.9397363754526238E-010   8.9484453024781494E-010   8.9516446547823176E-010   8.9491732455433972E-010   8.9417355176641558E-010   8.9309817211495097E-010   8.9193283943754683E-010   8.9139364524564676E-010
   8.8500559955373841E-010   8.8404029055916895E-010   8.8259428157604479E-010   8.8145724409395041E-010   8.8097576003292895E-010   8.8129141370600514E-010   8.8239771131122945E-010   8.8418424641083649E-010   8.8647007017968869E-010   8.8902977432019165E-010   8.9161497772349467E-010   8.9397344538162278E-010   8.9586797508510707E-010   8.9709719887016855E-010   8.9752058401664276E-010   8.9709012369205590E-010   8.9589151481426106E-010   8.9419587661422353E-010   8.9250789262881055E-010   8.9170159220415259E-010
