   0.0000000000000000     
   7.0078777404490493E-003
   3.2683995778222648E-003
  -3.6635711074344901E-003
  -5.6342535165176573E-003
  -1.7047093945936475E-003
   2.8080941701117859E-003
   3.1954628759764082E-003
   1.5232742808766286E-005
  -2.6359822277587349E-003
  -2.0961140302094704E-003
   4.2365999426261408E-004
   1.9042661255564250E-003
   1.0262783311553933E-003
  -8.0412429255468374E-004
  -1.4745946001796903E-003
  -5.1298961341845605E-004
   7.5124962868034894E-004
   9.3874031946250720E-004
   7.2772534836623368E-005
  -7.2591505724179555E-004
  -6.3188106899320703E-004
   8.0100608199577624E-005
   5.4274642976372806E-004
   3.2293520194035923E-004
  -2.1119233103552651E-004
  -4.3584859269502627E-004
  -1.7618614745309002E-004
   2.0016231750016308E-004
   2.7653468135472057E-004
   3.3645619627943377E-005
  -2.0944872440159699E-004
  -1.9719310282054011E-004
   7.3386655650097960E-006
   1.5209151910521680E-004
   9.7861843789499145E-005
  -5.8308258521427930E-005
  -1.3192515401204974E-004
  -6.1827270692982734E-005
   5.0306927346357042E-005
   7.8976207132096005E-005
   1.1137603445851590E-005
  -6.2534231088954133E-005
  -6.3344445954577935E-005
  -4.6574873554141100E-006
   4.0451524654931583E-005
   2.7677995409010412E-005
  -1.7809542439581559E-005
  -4.1584974840106520E-005
  -2.2829219756800039E-005
   1.0542991253397227E-005
   2.0845852253161260E-005
   2.0641336713075019E-006
  -2.0147946442329953E-005
  -2.1656711902333888E-005
  -4.8397002035495512E-006
   9.1840208836201392E-006
   6.4189915132243391E-006
  -6.7558508144806875E-006
  -1.4327815672797731E-005
  -9.3489868166574613E-006
   5.8626809598065006E-007
   4.1948827450609083E-006
  -9.3573112774025548E-007
  -7.5840516597835631E-006
  -8.3790789617139092E-006
  -3.5555376646552553E-006
   8.0534264594586745E-007
   3.1338248025444326E-007
  -3.4653642612138616E-006
  -5.8347503919539579E-006
  -4.5131735216728976E-006
  -1.5437038645319462E-006
  -2.9315765085293916E-007
  -1.6606681776793239E-006
  -3.6246583769144919E-006
  -3.9428834276105626E-006
  -2.5465638043419373E-006
  -1.1792819098922872E-006
  -1.2095865841354506E-006
  -2.2713926394464826E-006
  -2.9927592546290555E-006
  -2.6326596527594383E-006
  -1.7324437126330475E-006
  -1.2935725164535068E-006
  -1.6366701872469710E-006
  -2.2007802648312512E-006
  -2.3066627468610717E-006
  -1.8911737242453941E-006
  -1.4514348701461545E-006
  -1.4125526228719922E-006
  -1.6963790341459528E-006
  -1.9032902425138051E-006
  -1.7948158802900558E-006
  -1.5116397157819950E-006
  -1.3506602328219783E-006
  -1.4225301323177273E-006
  -1.5728930955016108E-006
  -1.5967366679915059E-006
  -1.4632634482486283E-006
  -1.3135332154533855E-006
  -1.2784957351525254E-006
  -1.3441647496079658E-006
  -1.3944025618870303E-006
  -1.3528772903877247E-006
  -1.2553170574795488E-006
  -1.1898649023861183E-006
  -1.1940486924452773E-006
  -1.2255452398900303E-006
  -1.2224780746396283E-006
  -1.1720276621247973E-006
  -1.1143031331502866E-006
  -1.0894736298040461E-006
  -1.0958783807116156E-006
  -1.0998709405048781E-006
  -1.0775769097211760E-006
  -1.0379699131241129E-006
  -1.0067587484404407E-006
  -9.9628569996931168E-007
  -9.9512193897144490E-007
  -9.8475030505112534E-007
  -9.6040153915439666E-007
  -9.3344227056563066E-007
  -9.1610122521952998E-007
  -9.0837416093338079E-007
  -9.0057023660499247E-007
  -8.8538112880673755E-007
  -8.6497568488996827E-007
  -8.4690614656091321E-007
  -8.3511251288873547E-007
  -8.2649752877189729E-007
  -8.1558048879696062E-007
  -8.0072408144647246E-007
  -7.8496388727938373E-007
  -7.7196883258596542E-007
  -7.6208046346402513E-007
  -7.5261879991154849E-007
  -7.4118840195869619E-007
  -7.2818557658925907E-007
  -7.1582839140620827E-007
  -7.0546456159007422E-007
  -6.9632053217323079E-007
  -6.8672372595540320E-007
  -6.7602823693243643E-007
  -6.6509016061210008E-007
  -6.5511194841959272E-007
  -6.4619396427993102E-007
  -6.3750318826515833E-007
  -6.2832954772069853E-007
  -6.1883530285403691E-007
  -6.0968102794353759E-007
  -6.0117106267504409E-007
  -5.9307764391815342E-007
  -5.8493139435424788E-007
  -5.7657176573232126E-007
  -5.6825641009807221E-007
  -5.6030751698069338E-007
  -5.5275548842254559E-007
  -5.4541184513889962E-007
  -5.3808652170652839E-007
  -5.3073790671348965E-007
  -5.2343442185467368E-007
  -5.1631107214323790E-007
  -5.0946272601618696E-007
  -5.0283275539735692E-007
  -4.9622063975977767E-007
  -4.8954897514489211E-007
  -4.8297640662854687E-007
  -4.7663271488937787E-007
  -4.7051279654431626E-007
  -4.6448139467166660E-007
  -4.5843627872604569E-007
  -4.5240471297173880E-007
  -4.4650155259638118E-007
  -4.4082221548202288E-007
  -4.3528787582198380E-007
  -4.2977230837310152E-007
  -4.2428355319041984E-007
  -4.1887424588084130E-007
  -4.1358471972937292E-007
  -4.0841367873549267E-007
  -4.0332689224409774E-007
  -3.9829737044075084E-007
  -3.9333620555651383E-007
  -3.8848269804324780E-007
  -3.8370930401636108E-007
  -3.7898983023651749E-007
  -3.7432631669280235E-007
  -3.6974958903929029E-007
  -3.6528610642693125E-007
  -3.6088465543256007E-007
  -3.5650950304913130E-007
  -3.5217595026819376E-007
  -3.4792487381556176E-007
  -3.4377236065992448E-007
  -3.3969459241523485E-007
  -3.3567209660980175E-007
  -3.3171356498825886E-007
  -3.2779023565480857E-007
  -3.2389875388245259E-007
  -3.2006564009071881E-007
  -3.1631356733341718E-007
  -3.1263571157315292E-007
  -3.0901476565582057E-007
  -3.0543635212860847E-007
  -3.0189924914599767E-007
  -2.9840412029693824E-007
  -2.9495148676007863E-007
  -2.9155275313491373E-007
  -2.8821393537462615E-007
  -2.8492754109891230E-007
  -2.8168081260462593E-007
  -2.7846992066428766E-007
  -2.7530506183458863E-007
  -2.7219587408443476E-007
  -2.6913858226701023E-007
  -2.6613255296424527E-007
  -2.6314414938836797E-007
  -2.6017072394401092E-007
  -2.5724033991980907E-007
  -2.5437548967050834E-007
  -2.5156705289610408E-007
  -2.4878763023239876E-007
  -2.4602376674046220E-007
  -2.4328782094216452E-007
  -2.4059951811245630E-007
  -2.3796267226294806E-007
  -2.3536329330431188E-007
  -2.3278719254075516E-007
  -2.3023453325052243E-007
  -2.2772257159225130E-007
  -2.2526043197988384E-007
  -2.2282644488568098E-007
  -2.2040612511890460E-007
  -2.1800740653076868E-007
  -2.1564795188854686E-007
  -2.1333318908808523E-007
  -2.1105154807280476E-007
  -2.0878937622231686E-007
  -2.0654571746573626E-007
  -2.0433065039989421E-007
  -2.0215192188224702E-007
  -2.0000655773944836E-007
  -1.9788744216752254E-007
  -1.9579642336813469E-007
  -1.9372388271491401E-007
  -1.9166877598441343E-007
  -1.8963906515416417E-007
  -1.8764181052730973E-007
  -1.8567503008039680E-007
  -1.8373030011512540E-007
  -1.8180242121761107E-007
  -1.7989440665049629E-007
  -1.7801260625517163E-007
  -1.7615884329585587E-007
  -1.7432877101250204E-007
  -1.7251724372011021E-007
  -1.7072363320981226E-007
  -1.6895489719529069E-007
  -1.6721388370823189E-007
  -1.6549062084306762E-007
  -1.6377829726397437E-007
  -1.6208200254291724E-007
  -1.6041161919504632E-007
  -1.5877822342639227E-007
  -1.5718133552371931E-007
  -1.5558261259735021E-007
  -1.5397491316425936E-007
  -1.5238382914100514E-007
  -1.5082776189463229E-007
  -1.4931489531263486E-007
  -1.4781375975672055E-007
  -1.4631131221873992E-007
  -1.4481229392192007E-007
  -1.4333232642220288E-007
  -1.4188969274736208E-007
  -1.4047099307831753E-007
  -1.3905663753294917E-007
  -1.3764342394309078E-007
  -1.3624572278083313E-007
  -1.3488205271720673E-007
  -1.3353944276845730E-007
  -1.3220125305610368E-007
  -1.3086548395035321E-007
  -1.2954416494694112E-007
  -1.2824727179252384E-007
  -1.2697214756710352E-007
  -1.2571003358298561E-007
  -1.2446406545444580E-007
  -1.2322595105334333E-007
  -1.2199235509993106E-007
  -1.2076980130757083E-007
  -1.1956680769993825E-007
  -1.1838432699538606E-007
  -1.1721538555505787E-007
  -1.1605340677085946E-007
  -1.1490349904417951E-007
  -1.1376839852128790E-007
  -1.1264481177404596E-007
  -1.1153083931104956E-007
  -1.1042774216711237E-007
  -1.0933784957627876E-007
  -1.0826163889979723E-007
  -1.0719735335193508E-007
  -1.0614309827507580E-007
  -1.0509871373777507E-007
  -1.0406547340264481E-007
  -1.0304790973820769E-007
  -1.0204326735186847E-007
  -1.0104448395982328E-007
  -1.0005082733343413E-007
  -9.9067657326327990E-008
  -9.8099500530457782E-008
  -9.7145077526227770E-008
  -9.6199489758238762E-008
  -9.5259974591180947E-008
  -9.4328367112165668E-008
  -9.3408138012565849E-008
  -9.2500232620830412E-008
  -9.1602488536172053E-008
  -9.0712450604963362E-008
  -8.9829883077963431E-008
  -8.8956426635181566E-008
  -8.8098163848753412E-008
  -8.7248732197671123E-008
  -8.6402461064400166E-008
  -8.5560740237753166E-008
  -8.4729467111450296E-008
  -8.3911685873010653E-008
  -8.3104516723191615E-008
  -8.2303153809478754E-008
  -8.1506296778472754E-008
  -8.0716824124419165E-008
  -7.9937845640909152E-008
  -7.9169246194018592E-008
  -7.8408323793738458E-008
  -7.7653050632538010E-008
  -7.6906680786308327E-008
  -7.6168951809391683E-008
  -7.5437007184363432E-008
  -7.4710215613624837E-008
  -7.3990687305676013E-008
  -7.3280425714147545E-008
  -7.2578917578682395E-008
  -7.1883943400344420E-008
  -7.1194206877921990E-008
  -7.0510520317064305E-008
  -6.9834475147947398E-008
  -6.9166509037443825E-008
  -6.8505564932744461E-008
  -6.7850419804392872E-008
  -6.7200936320053464E-008
  -6.6557951706031211E-008
  -6.5922029689717064E-008
  -6.5292791982221296E-008
  -6.4669757068561124E-008
  -6.4055063289854215E-008
  -6.3445939405149175E-008
  -6.2839462117517423E-008
  -6.2236866884358123E-008
  -6.1642158946057870E-008
  -6.1056875396160895E-008
  -6.0478333544411618E-008
  -5.9903118910200782E-008
  -5.9330965198787789E-008
  -5.8764501789567175E-008
  -5.8205800828098897E-008
  -5.7654174600799739E-008
  -5.7109853381744458E-008
  -5.6568866424190148E-008
  -5.6029482232867701E-008
  -5.5494180523526936E-008
  -5.4967961138905823E-008
  -5.4450242350527418E-008
  -5.3935739507338047E-008
  -5.3421813047246681E-008
  -5.2911519249338858E-008
  -5.2409233472386001E-008
  -5.1915227193873965E-008
  -5.1425910667422547E-008
  -5.0938457718272848E-008
  -5.0453746350610649E-008
  -4.9974659118114393E-008
  -4.9502517789827517E-008
  -4.9035913141455421E-008
  -4.8573958332247928E-008
  -4.8115467097003925E-008
  -4.7659482455405754E-008
  -4.7207100244550289E-008
  -4.6760225251480163E-008
  -4.6319373361422522E-008
  -4.5883198397928282E-008
  -4.5450071649178749E-008
  -4.5019857165823011E-008
  -4.4593818600726338E-008
  -4.4172980729392387E-008
  -4.3757008009856779E-008
  -4.3344762488384618E-008
  -4.2935601276151862E-008
  -4.2529919920312072E-008
  -4.2128525956649291E-008
  -4.1732278295901724E-008
  -4.1340442156097869E-008
  -4.0950963022190588E-008
  -4.0563331153149122E-008
  -4.0179490015149233E-008
  -3.9801316227099997E-008
  -3.9428251473899255E-008
  -3.9058110475967467E-008
  -3.8689724324696749E-008
  -3.8324070218119807E-008
  -3.7962826195208760E-008
  -3.7606385532066684E-008
  -3.7253616434601455E-008
  -3.6903314957108125E-008
  -3.6555468676854157E-008
  -3.6211010874522266E-008
  -3.5870613853363648E-008
  -3.5533993671481372E-008
  -3.5200360921901891E-008
  -3.4869316918803578E-008
  -3.4541165409724733E-008
  -3.4216420611725992E-008
  -3.3895154195192988E-008
  -3.3576998999376206E-008
  -3.3261632251513257E-008
  -3.2949076185041359E-008
  -3.2639541796139961E-008
  -3.2333121919048130E-008
  -3.2029693058558280E-008
  -3.1729077905134776E-008
  -3.1431214720262437E-008
  -3.1136160583772625E-008
  -3.0843980906997700E-008
  -3.0554614063804432E-008
  -3.0267947088461887E-008
  -2.9983954746866501E-008
  -2.9703485855215329E-008
  -2.9425876191927391E-008
  -2.9149572988787659E-008
  -2.8874642439519206E-008
  -2.8602889776370212E-008
  -2.8335441756461097E-008
  -2.8071308973094961E-008
  -2.7808699787239384E-008
  -2.7547152046721878E-008
  -2.7287846686004509E-008
  -2.7032022161391905E-008
  -2.6779579663639078E-008
  -2.6529398151500862E-008
  -2.6280698410824861E-008
  -2.6033790524766933E-008
  -2.5789513498108023E-008
  -2.5548219779571503E-008
  -2.5309472027594497E-008
  -2.5072634819646815E-008
  -2.4837567785070010E-008
  -2.4604678752058634E-008
  -2.4375098906653700E-008
  -2.4148029991940159E-008
  -2.3921977772884712E-008
  -2.3696851497628527E-008
  -2.3474053348734531E-008
  -2.3254652055125474E-008
  -2.3038120830682931E-008
  -2.2823104915637685E-008
  -2.2609036132764737E-008
  -2.2396614694106583E-008
  -2.2186813835971156E-008
  -2.1979757354644920E-008
  -2.1774718601742970E-008
  -2.1571036956013172E-008
  -2.1368786879399005E-008
  -2.1168539087669066E-008
  -2.0970828189219690E-008
  -2.0775845236258546E-008
  -2.0582204143161178E-008
  -2.0389061785756203E-008
  -2.0197913621249170E-008
  -2.0009557602644347E-008
  -1.9822870497166719E-008
  -1.9636932022873923E-008
  -1.9452440450197471E-008
  -1.9270546567576603E-008
  -1.9091223833494089E-008
  -1.8913381834424251E-008
  -1.8736276699818203E-008
  -1.8560333864101798E-008
  -1.8386491230803658E-008
  -1.8215046112244104E-008
  -1.8045401880569893E-008
  -1.7876852355796435E-008
  -1.7709354587780485E-008
  -1.7543443528625645E-008
  -1.7379535017824136E-008
  -1.7217487852349814E-008
  -1.7056842360039515E-008
  -1.6897356683341193E-008
  -1.6739181498281541E-008
  -1.6582621704525999E-008
  -1.6427792642442296E-008
  -1.6274522847748741E-008
  -1.6122560895101819E-008
  -1.5971831557893031E-008
  -1.5822469930811681E-008
  -1.5674631911473835E-008
  -1.5528314697985423E-008
  -1.5383372465351536E-008
  -1.5239681546694728E-008
  -1.5097252279478561E-008
  -1.4956180404740965E-008
  -1.4816517777872622E-008
  -1.4678211291552392E-008
  -1.4541167231840820E-008
  -1.4405343528340483E-008
  -1.4270770816928101E-008
  -1.4137494653591369E-008
  -1.4005511374956637E-008
  -1.3874769407539380E-008
  -1.3745219549233331E-008
  -1.3616855999346073E-008
  -1.3489698916717276E-008
  -1.3363759104674465E-008
  -1.3239014408295518E-008
  -1.3115429555618564E-008
  -1.2992982015931853E-008
  -1.2871673689912150E-008
  -1.2751511300841321E-008
  -1.2632487366757580E-008
  -1.2514579955794365E-008
  -1.2397767177351075E-008
  -1.2282039381912657E-008
  -1.2167395848229430E-008
  -1.2053832585371482E-008
  -1.1941338185372098E-008
  -1.1829893860080255E-008
  -1.1719486934281268E-008
  -1.1610110898159007E-008
  -1.1501761007891693E-008
  -1.1394429611563377E-008
  -1.1288103251560723E-008
  -1.1182769028645950E-008
  -1.1078418164887572E-008
  -1.0975043871660670E-008
  -1.0872638410187687E-008
  -1.0771193588038293E-008
  -1.0670696470002203E-008
  -1.0571138452694310E-008
  -1.0472510865235096E-008
  -1.0374806326770484E-008
  -1.0278017914098895E-008
  -1.0182134649982228E-008
  -1.0087147709901940E-008
  -9.9930482920408775E-009
  -9.8998293653088569E-009
  -9.8074827644985180E-009
  -9.7160007009875124E-009
  -9.6253742766431595E-009
  -9.5355945148067430E-009
  -9.4466543399450605E-009
  -9.3585465269846373E-009
  -9.2712625447643778E-009
  -9.1847952862287085E-009
  -9.0991364910259901E-009
  -9.0142784143848230E-009
  -8.9302140010315107E-009
  -8.8469358284749870E-009
  -8.7644367451843540E-009
  -8.6827087382164099E-009
  -8.6017451002915014E-009
  -8.5215387479478802E-009
  -8.4420816726537051E-009
  -8.3633681194232332E-009
  -8.2853906984023783E-009
  -8.2081422217212654E-009
  -8.1316158516128041E-009
  -8.0558050156558127E-009
  -7.9807033010665702E-009
  -7.9063037013968804E-009
  -7.8325996988630910E-009
  -7.7595846131665395E-009
  -7.6872520758581090E-009
  -7.6155959227779819E-009
  -7.5446095808802433E-009
  -7.4742870895075268E-009
  -7.4046223971532393E-009
  -7.3356137832014040E-009
  -7.2672430485331444E-009
  -7.1994891585532097E-009
  -7.1323585462526021E-009
  -7.0658773980858867E-009
  -7.0000409972683382E-009
  -6.9348233553318454E-009
  -6.8701970804454929E-009
  -6.8061582329002972E-009
  -6.7427214138686260E-009
  -6.6798947666014814E-009
  -6.6176655062515310E-009
  -6.5560111468256137E-009
  -6.4949204838411482E-009
  -6.4343964011439946E-009
  -6.3744453443601339E-009
  -6.3150638007457044E-009
  -6.2562383991988026E-009
  -6.1979563434079881E-009
  -6.1402133473286716E-009
  -6.0830113953091937E-009
  -6.0263555559654749E-009
  -5.9702239125274553E-009
  -5.9145821251073117E-009
  -5.8594400506226736E-009
  -5.8048446588638778E-009
  -5.7508087786730222E-009
  -5.6972874684347865E-009
  -5.6442262210229575E-009
  -5.5916218966664472E-009
  -5.5395138390624489E-009
  -5.4879319852408222E-009
  -5.4368572334529890E-009
  -5.3862461320141596E-009
  -5.3360769515217405E-009
  -5.2863647335498970E-009
  -5.2371337118680438E-009
  -5.1883855921817043E-009
  -5.1400959747768039E-009
  -5.0922422242932934E-009
  -5.0448215179573872E-009
  -4.9978456099922954E-009
  -4.9513219136024070E-009
  -4.9052415253248152E-009
  -4.8595877350394314E-009
  -4.8143507556262586E-009
  -4.7695322183594412E-009
  -4.7251380275496625E-009
  -4.6811654673304079E-009
  -4.6376053762766336E-009
  -4.5944474831722049E-009
  -4.5518750170117798E-009
  -4.5098012108037347E-009
  -4.4677855968607588E-009
  -4.4257527920491962E-009
  -4.3842091689246262E-009
  -4.3435690610517267E-009
  -4.3036092185934894E-009
  -4.2637802446817792E-009
  -4.2238792593447428E-009
  -4.1842314145812327E-009
  -4.1452272265879288E-009
  -4.1068782232093207E-009
  -4.0688894468430555E-009
  -4.0310310199288570E-009
  -3.9933608185916624E-009
  -3.9560944468305221E-009
  -3.9193444565801076E-009
  -3.8830224626439855E-009
  -3.8469728412067492E-009
  -3.8111421070321808E-009
  -3.7756114405263695E-009
  -3.7404797296493839E-009
  -3.7057542328059877E-009
  -3.6713594862653416E-009
  -3.6373944139727760E-009
  -3.6037499166005372E-009
  -3.5701356682104797E-009
  -3.5365896629789464E-009
  -3.5035094535473139E-009
  -3.4711263063304304E-009
  -3.4392048710199483E-009
  -3.4073441521681215E-009
  -3.3754604036581930E-009
  -3.3438360718457323E-009
  -3.3127509681456531E-009
  -3.2821718390358850E-009
  -3.2518386613450573E-009
  -3.2215822585978152E-009
  -3.1914860551291341E-009
  -3.1617468935642098E-009
  -3.1324423605677906E-009
  -3.1034678897135525E-009
  -3.0746800984836903E-009
  -3.0460527297812167E-009
  -3.0176793057294695E-009
  -2.9896480335800547E-009
  -2.9619475348526712E-009
  -2.9344958221818747E-009
  -2.9072386940113009E-009
  -2.8801964760918347E-009
  -2.8534275480841494E-009
  -2.8269557634283254E-009
  -2.8007508432455977E-009
  -2.7747673455635271E-009
  -2.7489936890869664E-009
  -2.7234547767909168E-009
  -2.6981763190144441E-009
  -2.6731557799197078E-009
  -2.6483674525763405E-009
  -2.6237922518478801E-009
  -2.5994347445005040E-009
  -2.5753094591223084E-009
  -2.5514238383337799E-009
  -2.5277678680157431E-009
  -2.5043266207803870E-009
  -2.4810945391600598E-009
  -2.4580768470742060E-009
  -2.4352804742153841E-009
  -2.4127037823188073E-009
  -2.3903382686337451E-009
  -2.3681762331642433E-009
  -2.3462173687690347E-009
  -2.3244647031840522E-009
  -2.3029193318412853E-009
  -2.2815781041756405E-009
  -2.2604339616291902E-009
  -2.2394845776867335E-009
  -2.2187298478309163E-009
  -2.1981706864257584E-009
  -2.1778059945921239E-009
  -2.1576317256768594E-009
  -2.1376441153602110E-009
  -2.1178420844925180E-009
  -2.0982251466330289E-009
  -2.0787928471702740E-009
  -2.0595427598091467E-009
  -2.0404719166937227E-009
  -2.0215784802315244E-009
  -2.0028613415721110E-009
  -1.9843194311491261E-009
  -1.9659511083771709E-009
  -1.9477544544527172E-009
  -1.9297276912952597E-009
  -1.9118687542167860E-009
  -1.8941763542275376E-009
  -1.8766496327820263E-009
  -1.8592873179791123E-009
  -1.8420861757375240E-009
  -1.8250464726661291E-009
  -1.8081650518906628E-009
  -1.7914416816850329E-009
  -1.7748743763657896E-009
  -1.7584622902657733E-009
  -1.7422029466565237E-009
  -1.7260952715903005E-009
  -1.7101383055345757E-009
  -1.6943300058731224E-009
  -1.6786699844793905E-009
  -1.6631557547289938E-009
  -1.6477864903013560E-009
  -1.6325605104979338E-009
  -1.6174765797545132E-009
  -1.6025339098929013E-009
  -1.5877307661704381E-009
  -1.5730655828708742E-009
  -1.5585370965365325E-009
  -1.5441443308649229E-009
  -1.5298859620540402E-009
  -1.5157606751991466E-009
  -1.5017675324977552E-009
  -1.4879047023402470E-009
  -1.4741800466130651E-009
  -1.4606019268359752E-009
  -1.4471353049747550E-009
  -1.4337673949845526E-009
  -1.4205174763630625E-009
  -1.4074082684573832E-009
  -1.3944409211263672E-009
  -1.3815942641017843E-009
  -1.3688521400440167E-009
  -1.3562171927861898E-009
  -1.3437032068945438E-009
  -1.3313188058683464E-009
  -1.3190561815820906E-009
  -1.3069378176582908E-009
  -1.2949699323864318E-009
  -1.2830570425724258E-009
  -1.2711392892067538E-009
  -1.2593092988517733E-009
  -1.2477024598378386E-009
  -1.2363183296226339E-009
  -1.2250231727524193E-009
  -1.2137181633135800E-009
  -1.2024443932793387E-009
  -1.1913193091692886E-009
  -1.1803924882287524E-009
  -1.1696028065369261E-009
  -1.1588619858483886E-009
  -1.1481543146711063E-009
  -1.1375374749953655E-009
  -1.1270675962055066E-009
  -1.1167386594762601E-009
  -1.1064999950382372E-009
  -1.0963167589733177E-009
  -1.0862042453191639E-009
  -1.0761987986671470E-009
  -1.0663167140275582E-009
  -1.0565385835180319E-009
  -1.0468364362230498E-009
  -1.0372037265988380E-009
  -1.0276570614344601E-009
  -1.0182136907951737E-009
  -1.0088718496866961E-009
  -9.9961598023144119E-010
  -9.9043416800127938E-010
  -9.8134546871730965E-010
  -9.7234663706436018E-010
  -9.6342287491896159E-010
  -9.5457135177888082E-010
  -9.4580200918773039E-010
  -9.3712355181348354E-010
  -9.2853390918896072E-010
  -9.2002139476039432E-010
  -9.1158030952770986E-010
  -9.0322995039543325E-010
  -8.9495852870532859E-010
  -8.8675217818691342E-010
  -8.7861191990983814E-010
  -8.7055108632130050E-010
  -8.6257681995382309E-010
  -8.5468279506582283E-010
  -8.4685637914937886E-010
  -8.3909411391668216E-010
  -8.3140175274074466E-010
  -8.2378692142192103E-010
  -8.1631121379527366E-010
  -8.0893619667188216E-010
  -8.0151345876012136E-010
  -7.9402343719721816E-010
  -7.8663808395539386E-010
  -7.7949391315960992E-010
  -7.7251698385352503E-010
  -7.6552413065429826E-010
  -7.5844550710020138E-010
  -7.5138811978085062E-010
  -7.4449129090611798E-010
  -7.3776672422696851E-010
  -7.3110743873502137E-010
  -7.2442357512960035E-010
  -7.1773452277497882E-010
  -7.1112716645904350E-010
  -7.0465155025316619E-010
  -6.9827144507021402E-010
  -6.9192196268673502E-010
  -6.8558091190877111E-010
  -6.7928382871661734E-010
  -6.7307467922570083E-010
  -6.6695790669155376E-010
  -6.6089929919268273E-010
  -6.5487156028345262E-010
  -6.4887830480322669E-010
  -6.4294590103706164E-010
  -6.3708923537653915E-010
  -6.3129834062427086E-010
  -6.2555378156517013E-010
  -6.1984704395765736E-010
  -6.1418861817576398E-010
  -6.0859035053504686E-010
  -6.0305477891486156E-010
  -5.9757170577969019E-010
  -5.9213236479656174E-010
  -5.8673682468122920E-010
  -5.8139224967687398E-010
  -5.7610347620856131E-010
  -5.7086723341854306E-010
  -5.6567771967608376E-010
  -5.6053198989337218E-010
  -5.5543203288361837E-010
  -5.5038186760657086E-010
  -5.4538155018749301E-010
  -5.4042801695271691E-010
  -5.3551874768921496E-010
  -5.3065256991742473E-010
  -5.2583180231526219E-010
  -5.2105760333056035E-010
  -5.1632922069929668E-010
  -5.1164359213960416E-010
  -5.0700002349152491E-010
  -5.0239893191496058E-010
  -4.9784117056050094E-010
  -4.9332671673880679E-010
  -4.8885429592308169E-010
  -4.8442260386851721E-010
  -4.8003115294814532E-010
  -4.7568097890417923E-010
  -4.7137130135222089E-010
  -4.6710208583304434E-010
  -4.6287198002944577E-010
  -4.5868067061871021E-010
  -4.5452833264782612E-010
  -4.5041438869158123E-010
  -4.4633887212734854E-010
  -4.4230132142422603E-010
  -4.3830041212270592E-010
  -4.3433676131687610E-010
  -4.3040967465403901E-010
  -4.2651904091587025E-010
  -4.2266487439159725E-010
  -4.1884576939211286E-010
  -4.1506241146457848E-010
  -4.1131360984643728E-010
  -4.0759960022806775E-010
  -4.0392021048234297E-010
  -4.0027464933296749E-010
  -3.9666285769055234E-010
  -3.9308485087742723E-010
  -3.8953920787795983E-010
  -3.8602641643333527E-010
  -3.8254633058855356E-010
  -3.7909859954644822E-010
  -3.7568272329975810E-010
  -3.7229776884030874E-010
  -3.6894472404483886E-010
  -3.6562243136523647E-010
  -3.6233074771792342E-010
  -3.5906975467276148E-010
  -3.5585168437957497E-010
  -3.5268740082130385E-010
  -3.4953825307306105E-010
  -3.4638654247228442E-010
  -3.4323994830718287E-010
  -3.4011332516352224E-010
  -3.3703744372493293E-010
  -3.3403027780545669E-010
  -3.3106827738636938E-010
  -3.2810983597063049E-010
  -3.2514102253982454E-010
  -3.2219123716733844E-010
  -3.1929401830045006E-010
  -3.1645188289810480E-010
  -3.1363461230839923E-010
  -3.1082020619473000E-010
  -3.0801464458293054E-010
  -3.0524095331027586E-010
  -3.0251137406058798E-010
  -2.9981596821644220E-010
  -2.9713768724429113E-010
  -2.9446991513347950E-010
  -2.9182323521173215E-010
  -2.8920887314108045E-010
  -2.8662818856691980E-010
  -2.8407136526294460E-010
  -2.8153107729018962E-010
  -2.7900815102505595E-010
  -2.7651021811558874E-010
  -2.7404106774467224E-010
  -2.7159722938567864E-010
  -2.6917422797315711E-010
  -2.6676890922508790E-010
  -2.6438445286841343E-010
  -2.6202452743217661E-010
  -2.5968893203379885E-010
  -2.5737503012921076E-010
  -2.5508027232936136E-010
  -2.5280464848209755E-010
  -2.5055089277261611E-010
  -2.4831915392560228E-010
  -2.4610884962008601E-010
  -2.4391813236904720E-010
  -2.4174689458255280E-010
  -2.3959476622572991E-010
  -2.3746282674208683E-010
  -2.3535149070051097E-010
  -2.3325973109551047E-010
  -2.3118662121696481E-010
  -2.2913193670810072E-010
  -2.2709594736979656E-010
  -2.2507941480502339E-010
  -2.2308162771875710E-010
  -2.2110215928449797E-010
  -2.1913997238380280E-010
  -2.1719630574816006E-010
  -2.1527015801776063E-010
  -2.1336225803111029E-010
  -2.1147149647724039E-010
  -2.0959784712500300E-010
  -2.0774153964022832E-010
  -2.0590194646418637E-010
  -2.0407967585664301E-010
  -2.0227424585561304E-010
  -2.0048469950347570E-010
  -1.9871197879328758E-010
  -1.9695521484019325E-010
  -1.9521459811238874E-010
  -1.9348995396643723E-010
  -1.9178114283307379E-010
  -1.9008814389805855E-010
  -1.8841043481401356E-010
  -1.8674805976602870E-010
  -1.8510075597357366E-010
  -1.8346848242080511E-010
  -1.8185148513919593E-010
  -1.8024909153248687E-010
  -1.7866103062158996E-010
  -1.7708786699625002E-010
  -1.7552928702227558E-010
  -1.7398413079401713E-010
  -1.7245370924638753E-010
  -1.7093692242377791E-010
  -1.6943417290464934E-010
  -1.6794506134200453E-010
  -1.6646983478515879E-010
  -1.6500757956751814E-010
